01100011100111010000000000000000
01100000010111000000000000000000
11110011100111010000000000000000
10100011101111010000000000000100
01100011100111010000000000000000
10100011101111010000000000000000
01100000100000010000000000000000
10000100001000011111111111110000
10000000001000010000000000000000
01100000110000100000100000000000
10000100101001010000000101000000
10000000101001010000000000000000
10000100011000110000000010110100
10000000011000110000000000000000
10000100010000100000000000000000
10000000010000100011111110000000
00111100001000010000100000000000
10011100011000010000000000000000
00111100001000010000100000000000
10011100011000010000000000000001
10000100001000010000000000000000
10000000001000010100000011000000
10011100011000010000000000000010
00111100001000010000100000000000
10011100011000010000000000000011
00111100001000010000100000000000
10011100001000010000000000000000
00111100001000010000100000000000
10011100001000010000000000000001
10000100001000010000000000000000
10000000001000011011111110000000
10011100001000010000000000000010
00111100001000010000100000000000
10011100001000010000000000000011
00111100001000010000100000000000
10011100010000010000000000000000
10000100001000010000000000000000
10000000001000010011111110000000
10011100010000010000000000000001
00111100001000010000100000000000
10011100010000010000000000000010
10000100001000010000000000000000
10000000001000010011111110000000
10011100010000010000000000000011
01101100001001000010100000000000
01101101000001000010100000000000
01101001000010000010100000000000
01100101000001000100000000000000
10001000111000110000000000000000
10001000100001010000000000000000
01001100111001110010000000000000
10000100100001000000000000000000
10000000100001000011111110000000
10001000001000010000000000000000
10000101001010010000000000000000
10000001001010010011111100000000
01000000001000010100100000000000
10001000011000110000000000000000
01001100001000010001100000000000
10000100011000110000000000000000
10000000011000110100000000000000
01001000001000010001100000000000
01000100100001000000100000000000
01001000100001000011100000000000
10000100001000010000000000000000
10000000001000010100000000000000
10001000111010000000000000000000
10000100011000110000000000000000
10000000011000110011111100000000
01000000111001110001100000000000
10001000011001010000000000000000
01001100111001110001100000000000
01001000001000010011100000000000
10000100011000110000000000000000
10000000011000110011111110000000
01000100001000010001100000000000
01001000100001000001000000000000
01001000001000010001000000000000
00000100001000110000100000000000
11110011110111010000000000000000
10100011101111010000000000000100
11111100010111010000000000000000
10100011101111010000000000010000
11110000001111010000000000000000
10100011101111010000000000000100
10100011110111110000000000000100
11011000000000000000010010101000
10100011101111011111111111111100
10110000001111010000000000000000
10100011101111011111111111110000
10111100010111010000000000000000
10100011101111011111111111111100
10110011110111010000000000000000
00000000101000010000000000000000
00000000001000100000000000000000
00000000010001010000000000000000
11110011110111010000000000000000
10100011101111010000000000000100
11110000110111010000000000000000
10100011101111010000000000000100
11110000100111010000000000000000
10100011101111010000000000000100
11110000001111010000000000000000
10100011101111010000000000000100
10100011110111110000000000000100
11011000000000000000010010110100
10100011101111011111111111111100
10110000001111010000000000000000
10100011101111011111111111111100
10110000100111010000000000000000
10100011101111011111111111111100
10110000110111010000000000000000
10100011101111011111111111111100
10110011110111010000000000000000
00000000100000010000000000000000
00000000001001010000000000000000
00000000010001000000000000000000
11110011110111010000000000000000
10100011101111010000000000000100
11110000110111010000000000000000
10100011101111010000000000000100
11110000100111010000000000000000
10100011101111010000000000000100
11110000001111010000000000000000
10100011101111010000000000000100
10100011110111110000000000000100
11011000000000000000010001100000
10100011101111011111111111111100
10110000001111010000000000000000
10100011101111011111111111111100
10110000100111010000000000000000
10100011101111011111111111111100
10110000110111010000000000000000
10100011101111011111111111111100
10110011110111010000000000000000
00000100010000000010100000000000
00101000100001000000100000000000
00000000010000100010000000000000
00101000001000010010000000000000
00000000010000100000100000000000
00111100001000010000100000000000
10011100010000010000000000000011
00000000001000100000000000000000
11110011110111010000000000000000
10100011101111010000000000000100
10100011110111110000000000000100
11011000000000000000001110111000
10100011101111011111111111111100
10110011110111010000000000000000
00000000010000010000000000000000
00000001110000110000000000000000
00000001111000100000000000000000
11111100011111010000000000000000
10100011101111010000000000010000
11111100010111010000000000000000
10100011101111010000000000010000
11110000110111010000000000000000
10100011101111010000000000000100
11101000000000000000000000000000
10100011101111011111111111111100
10110000110111010000000000000000
10100011101111011111111111110000
10111100010111010000000000000000
10100011101111011111111111110000
10111100011111010000000000000000
10010100010011100000000000000011
00111100001000010000100000000000
01110100000000100000100000000000
11000000000000000000000000111100
00000000001000110000000000000000
00000000011011100000000000000000
00000000100011110000000000000000
10010100001011100000000000000011
11110011110111010000000000000000
10100011101111010000000000000100
10100011110111110000000000000100
11011000000000000000000001010100
10100011101111011111111111111100
10110011110111010000000000000000
00111100001000010000100000000000
10101000001000010000000000010000
01100000110000010011000000000000
11111100001001100000000000000000
11011000000000000000000000110100
00000000001000110000000000000000
00000000011011100000000000000000
00000000100011110000000000000000
11110011110111010000000000000000
10100011101111010000000000000100
10100011110111110000000000000100
11011000000000000000000111111100
10100011101111011111111111111100
10110011110111010000000000000000
00111100001000010000100000000000
10101000001000010000000000010000
01100000110000010011000000000000
11111100001001100000000000000000
11101100000000000000000000000000
11110011100111010000000000000000
10100011101111010000000000000100
01100011100111010000000000000000
10100011101111010000000000000000
00000000001001000000000000000000
00111100001000010000100000000000
10011100011000010000000000000000
00111100001000010000100000000000
10011100011000010000000000000001
00111100001000010000100000000000
10011100011000010000000000000010
00111100001000010000100000000000
10011100011000010000000000000011
10000100001000011100110011001101
10000000001000010011111101001100
10011100100000010000000000000000
10000100001000011100110011001101
10000000001000010011111101001100
10011100100000010000000000000001
10000100001000011100110011001101
10000000001000010011111101001100
10011100100000010000000000000010
10000100001000010000000000000000
10000000001000010011111110000000
10011100100000010000000000000011
00111100001000010000100000000000
10011100101000010000000000000000
10000100001000010000000000000000
10000000001000010011111110000000
10011100101000010000000000000001
10000100001000010000000000000000
10000000001000010011111110000000
10011100101000010000000000000010
10000100001000010000000000000000
10000000001000010011111110000000
10011100101000010000000000000011
00000100010000000001000000000000
11110011110111010000000000000000
10100011101111010000000000000100
10100011110111110000000000000100
11011000000000000000001001111000
10100011101111011111111111111100
10110011110111010000000000000000
00001000001001000010100000000000
00101000001000010000100000000000
00000000001000110000100000000000
01100011101111000000000000000000
10100011101111011111111111111100
10110011100111010000000000000000
11011100000111100000000000000000
11110011100111010000000000000000
10100011101111010000000000000100
01100011100111010000000000000000
10100011101111010000000000000000
01001000010000100001000000000000
01001000001000010000100000000000
10000100011000110000000000000000
10000000011000110011111110000000
01000100011000100001100000000000
01001000001000010001100000000000
10000100011000110000000000000000
10000000011000110011111110000000
01000000001000010001100000000000
01001000001000010000100000000000
01001100001000100000100000000000
01100011101111000000000000000000
10100011101111011111111111111100
10110011100111010000000000000000
11011100000111100000000000000000
11110011100111010000000000000000
10100011101111010000000000000100
01100011100111010000000000000000
10100011101111010000000000000000
01100000100000010000000000000000
01100000001000110000000000000000
00111100011000110001100000000000
10001000011000110000000000000000
01010100000000100001100000000000
11001000000000000000000000000100
11011000000000000000000000000100
01000100010000000001000000000000
00111100011000110001100000000000
10001000011000110000000000000000
01010100000001000001100000000000
11001000000000000000000000000100
11011000000000000000000000000100
01000100100000000010000000000000
10000100011000110000000000000010
10000000011000110000000000000000
10001000011000110000000000000000
01001000011000110010000000000000
01001000011000110001000000000000
10000100101001010000000000000001
10000000101001010000000000000000
10001000101001010000000000000000
01000100101001010000100000000000
01001000011000110010100000000000
01000000010000100010000000000000
01001000001000010001000000000000
01000000011000110000100000000000
10000100001000010000000000000000
10000000001000010011111100000000
01001100001000010001100000000000
01100011101111000000000000000000
10100011101111011111111111111100
10110011100111010000000000000000
11011100000111100000000000000000
11110011100111010000000000000000
10100011101111010000000000000100
01100011100111010000000000000000
10100011101111010000000000000000
00000100011000010001000000000000
00000100001000010001000000000000
00001000011000110000100000000000
10010000001000110000000000000000
10011000001000010000000000000000
01100011101111000000000000000000
10100011101111011111111111111100
10110011100111010000000000000000
11011100000111100000000000000000
11110011100111010000000000000000
10100011101111010000000000000100
01100011100111010000000000000000
10100011101111010000000000000000
00000000001000100000000000000000
10000100001000011000111101011100
10000000001000010011111101000010
10011100011000010000000000000000
10000100001000011101011100001010
10000000001000010011111101000011
10011100011000010000000000000001
10000100001000011011011001000110
10000000001000010011111101010011
10011100011000010000000000000010
10000100001000010000000000000000
10000000001000010011111110000000
10011100011000010000000000000011
10000100001000011010111000010100
10000000001000010011111100000111
10011100010000010000000000000000
10000100001000011101100100010111
10000000001000010011111101001110
10011100010000010000000000000001
10000100001000011000010100011111
10000000001000010011111101101011
10011100010000010000000000000010
10000100001000010000000000000000
10000000001000010011111110000000
10011100010000010000000000000011
00111100001000010000100000000000
10010100010000010000000000000001
11110011110111010000000000000000
10100011101111010000000000000100
10100011110111110000000000000100
11011000000000000000000000110000
10100011101111011111111111111100
10110011110111010000000000000000
00101000001000100000100000000000
10000100010000100000000000000000
10000000010000100011111110000000
01000100010000100000100000000000
00101000010000110001000000000000
00000000001000010001000000000000
01100011101111000000000000000000
10100011101111011111111111111100
10110011100111010000000000000000
11011100000111100000000000000000
11110011100111010000000000000000
10100011101111010000000000000100
01100011100111010000000000000000
10100011101111010000000000000000
01010100000000010001000000000000
11010000000000000000000000011000
01100000001000100000000000000000
01100011101111000000000000000000
10100011101111011111111111111100
10110011100111010000000000000000
11011100000111100000000000000000
11011000000000000000000000010000
01100011101111000000000000000000
10100011101111011111111111111100
10110011100111010000000000000000
11011100000111100000000000000000
01100011101111000000000000000000
10100011101111011111111111111100
10110011100111010000000000000000
11011100000111100000000000000000
11110011100111010000000000000000
10100011101111010000000000000100
01100011100111010000000000000000
10100011101111010000000000000000
00001000010000010000100000000000
10010000001000100000000000000000
10011000001000010000000000000000
00101100001000010000100000000000
01100011101111000000000000000000
10100011101111011111111111111100
10110011100111010000000000000000
11011100000111100000000000000000
11110011100111010000000000000000
10100011101111010000000000000100
01100011100111010000000000000000
10100011101111010000000000000000
00001000001000010001000000000000
10010000001000010000000000000000
01100011101111000000000000000000
10100011101111011111111111111100
10110011100111010000000000000000
11011100000111100000000000000000
11110011100111010000000000000000
10100011101111010000000000000100
01100011100111010000000000000000
10100011101111010000000000000000
10010100111000010000000000000000
10010100110000010000000000000001
10010100010000010000000000000010
10010100101000100000000000000000
10010100100000100000000000000001
10010100001000100000000000000010
01001000011001100000100000000000
01001001000000100010000000000000
01000100011000110100000000000000
01001000010000100010100000000000
01001000001001110000100000000000
01000100010000100000100000000000
01001000001001110010000000000000
01001000100001100010100000000000
01000100001000010010000000000000
10011100001000110000000000000000
10011100001000100000000000000001
10011100001000010000000000000010
00111100001000010000100000000000
10001000001000010000000000000000
10011100001000010000000000000011
01100011101111000000000000000000
10100011101111011111111111111100
10110011100111010000000000000000
11011100000111100000000000000000