10000000001000010000000000000000
10000100001000010000000000000001
10000000010000100000000000000000
10000100010000100000000000000010
10000000011000110000000000000000
10000100011000110000000000000011
10000000100001000000000000000000
10000100100001000000000000000100
10011100001000010000000000000000
10011100001000100000000000000001
10011100001000110000000000000010
10011100001001000000000000000011
10000100010000100000000000000000
10000100011000110000000000000000
10000100100001000000000000000000
10010100001000010000000000000000
10010100010000010000000000000001
10010100011000010000000000000010
10010100100000010000000000000011
10000000101001010000000000000000
10000100101001010000000000000001
01110100000000010010100000000000
11000100000000000000000000111100
10000100101001010000000000000010
01110100000000100010100000000000
11000100000000000000000000110000
10000100101001010000000000000011
01110100000000110010100000000000
11000100000000000000000000100100
10000100101001010000000000000100
01110100000001000010100000000000
11000100000000000000000000011000
10010001000000010000000000000000
10000001001010010000000000000000
10000101001010010000000000001010
01110100000010000100100000000000
11000100000000000000000000001000
11101100000000000000000000000000
11101100000000000000000000000000
11101100000000000000000000000000